samples	AGATCTCGGTTCAT	GGATCTCGGCTCAT	AGATCTCAGTTCAT	AGATCTCGGTTTAT	AAGCTCTGGTTCAT	GGGCCCCGGCTCAT	AAGCTCTATTTCAT	AGATCTCGGTTCA-	GGATCTTGGCTCAT	AGATCTCGGTACGT	GTGCACAATCTGC-	AGATCTCGGTGCAT	AGATCTCGGCTCAT	GGATCTCGGTTCAT	AAGCTCTAGTTCAT	GGATCTCGGCTCA-	AGGCCCTAATTCAT	GGATCTCGGCGCAT
NYDH0021	6	9	2	0	1	0	0	1	0	0	1	0	0	0	0	0	2	0
NYDH0026	9	59	0	21	3	5	8	0	0	1	2	0	0	0	10	3	0	0
NYDH0028	110	28	1	2	16	2	1	3	0	1	1	4	3	1	2	1	0	1
NYDH0033	21	70	4	2	2	4	1	0	0	0	0	0	0	0	2	1	1	1
NYDH0034	11	5	0	0	2	11	0	0	0	0	0	0	0	0	0	0	0	0
NYDH0036	468	16	1	6	2	6	3	7	0	6	6	10	2	0	0	0	1	0
NYDH0036R	1263	32	12	6	2	0	5	39	2	13	13	25	1	9	1	1	4	1
NYDH0038	24	3	0	0	2	0	0	0	0	1	1	0	1	0	0	0	0	0
NYDH0040	63	274	1	1	7	38	0	6	0	1	7	2	2	5	0	10	0	5
NYDH0041	6	6	0	0	1	0	0	0	1	0	0	0	0	0	0	0	0	0
NYDH0044	114	11	0	0	5	3	0	4	0	1	0	2	0	2	0	0	0	0
NYDH0047	11	4	0	2	2	1	2	0	2	1	0	0	0	0	0	0	0	0
NYDH0051	8	4	0	0	1	0	0	0	0	0	0	0	0	0	0	0	0	0
NYDH0051R	12	15	1	0	2	1	1	0	0	1	0	0	0	0	0	1	1	0
NYDH0055	204	8	5	2	2	3	0	2	53	3	1	2	6	2	3	1	0	0
NYDH0058	14	6	0	1	0	0	1	0	0	0	0	0	0	0	0	0	0	0
NYDH0060	115	16	0	2	10	4	0	2	0	1	3	3	0	0	5	0	0	0
NYDH0060R	306	29	3	12	18	12	3	7	0	4	0	5	2	2	7	0	5	0
NYDH0061	158	23	1	0	2	0	2	3	2	3	4	3	2	1	2	0	0	0
NYDH0064	3	3	0	0	0	1	1	0	1	0	0	0	0	0	1	0	0	0
NYDH0069	13	1	0	0	0	3	0	0	0	1	0	0	0	0	1	0	1	0
NYDH0091	5	6	0	1	4	1	2	0	0	0	0	0	0	0	0	1	0	0
NYDH0095	96	83	0	1	0	2	1	6	0	0	2	2	7	8	0	6	1	3
NYDH0106	90	23	0	0	1	2	0	4	0	3	1	1	1	1	0	0	0	0
NYDH0126	25	10	0	0	3	0	3	0	0	0	1	0	0	0	0	0	0	1
NYDH0136	6	2	1	0	0	0	0	0	0	0	1	0	0	0	0	0	0	0
NYDH0145	15	9	0	2	0	1	0	0	1	0	0	1	0	0	0	0	1	0
NYDH0152	8	5	0	0	0	2	0	0	0	1	0	0	0	0	0	0	0	0
NYDH0152R	76	33	5	1	6	7	2	2	2	2	0	1	3	0	1	3	0	0
NYDH0157	23	3	0	0	0	0	0	8	0	0	1	1	0	0	0	2	0	0
NYDH0170	8	3	0	105	0	0	0	1	1	3	1	0	1	0	0	0	0	0
NYDH0173	12	6	0	0	2	0	0	0	0	0	0	0	1	0	1	0	1	0
NYDH0179	323	51	1	2	6	10	1	12	0	7	4	6	1	3	1	2	1	0
NYDH0181	20	35	0	3	0	2	0	9	0	1	1	0	0	0	1	1	1	1
NYDH0184	13	7	0	0	1	1	1	1	0	1	0	0	0	0	1	0	0	0
NYDH0186	51	38	1	0	2	2	2	2	0	1	2	1	2	1	0	2	0	3
NYDH0191	19	12	11	2	0	1	0	2	0	1	0	0	0	1	0	2	3	1
NYDH0194	49	10	0	1	5	2	5	0	0	0	1	1	0	0	0	0	0	0
NYDH0202	30	212	0	0	14	1	6	0	1	2	1	0	3	1	1	12	0	3
NYDH0203	8	11	0	1	0	1	3	0	0	0	1	0	0	0	1	0	0	1
NYDH0206	12	6	0	0	1	0	3	0	0	0	0	0	0	0	0	0	0	0
NYDH0213	17	18	1	74	4	2	3	1	0	1	0	0	1	2	0	2	0	0
NYDH0213R	53	27	10	112	5	4	3	3	0	6	2	0	4	0	2	0	0	1
NYDH0215	8	6	0	0	0	6	3	0	0	2	1	0	1	0	3	0	2	1
NYDH0216	24	15	0	0	1	1	2	0	0	2	1	0	0	0	1	1	2	0
NYDH0223c	40	10	0	2	3	0	3	0	0	1	1	0	0	0	1	0	1	0
NYDH0225	57	11	1	0	0	1	0	1	0	7	1	0	0	0	0	0	0	0
NYDH0258	19	17	0	0	9	1	5	0	0	0	0	0	0	0	1	0	0	2
NYDH0262c	19	2	1	0	0	0	8	0	1	1	0	0	0	0	2	0	0	0
NYDH0274	31	2	1	0	7	1	6	1	1	1	0	0	0	1	3	0	2	0
NYDH0278	110	51	0	3	3	1	12	6	0	1	2	0	0	0	0	1	2	1
NYDH0284	23	41	0	0	1	3	8	0	1	1	1	0	0	1	0	1	1	1
NYDH0285	106	22	0	1	10	0	1	4	36	1	1	2	4	0	8	0	0	0
NYDH0286	288	25	0	2	4	4	1	7	3	2	3	4	4	5	1	0	0	0
NYDH0291	4	11	0	0	1	1	0	0	0	0	0	0	0	0	0	0	0	0
NYDH0292	16	18	0	0	30	1	9	1	1	1	1	0	0	0	0	1	2	0
NYDH0293c	522	9	4	3	1	1	0	14	1	3	5	14	1	2	0	2	0	0
NYDH0301	50	68	0	1	3	0	0	0	0	0	1	1	2	3	1	1	0	3
NYDH0305	63	10	0	1	2	34	1	0	0	1	0	1	2	0	2	0	1	0
NYDH0314	12	12	0	1	4	74	0	0	0	0	0	0	0	1	0	0	1	0
NYDH0316	5	2	0	0	0	0	0	0	0	0	0	0	1	0	0	0	0	0
NYDH0324	17	7	0	0	4	0	0	0	0	0	1	0	0	0	0	0	0	0
NYDH0348	14	52	1	0	7	0	2	0	0	1	1	0	0	1	0	0	0	1
NYDH0352	16	1	0	0	3	1	0	0	0	0	0	0	1	0	0	0	0	0
NYDH0356	27	24	2	7	6	0	4	1	0	0	0	1	0	0	0	0	0	0
NYDH0361	137	19	8	1	3	6	2	3	0	7	2	4	4	4	0	2	0	3
NYDH0362c	125	2	1	0	2	0	3	2	0	4	1	0	1	0	0	0	0	0
NYDH0366	10	36	0	0	0	1	0	0	0	0	1	1	1	1	0	1	0	2
NYDH0390	3	11	0	0	0	0	1	0	1	0	0	0	0	0	0	1	1	0
NYDH0393	23	83	0	3	11	8	8	0	0	2	1	1	1	1	1	2	2	4
NYDH0394	10	18	0	0	9	2	4	1	0	1	0	1	0	0	0	0	1	0
NYDH0398	87	8	0	0	21	66	1	3	0	4	0	0	3	0	0	0	4	1
NYDH0399	10	9	1	0	0	0	0	0	0	0	0	0	0	0	0	0	0	0
NYDH0406	108	12	0	0	1	1	2	7	0	2	3	2	0	0	2	0	0	0
NYDH0407	131	23	0	1	3	35	0	8	0	5	2	4	0	3	0	2	0	0
NYDH0438	37	19	0	1	0	1	3	3	0	1	0	0	1	0	0	1	1	1
NYDH0439	48	70	0	2	16	1	4	5	0	2	0	1	1	0	0	3	3	1
NYDH0441	63	22	1	2	10	2	2	3	0	0	1	1	2	4	1	2	0	1
NYDH0442	58	11	0	1	2	2	0	4	1	2	2	2	0	0	0	1	1	0
NYDH0453	17	249	0	2	1	1	0	0	2	0	3	0	2	0	1	10	1	5
NYDH0473	25	93	4	10	5	0	2	1	0	1	1	0	1	1	1	1	2	3
NYDH0484	37	6	0	0	2	5	2	0	0	1	0	1	1	0	1	0	1	2
NYDH0487	12	5	1	1	0	2	0	0	0	0	1	0	0	0	0	1	0	0
NYDH0487R	48	9	3	1	4	0	1	1	0	1	1	1	0	1	0	0	0	0
NYDH0491	22	25	0	0	0	0	0	1	1	2	0	0	1	0	0	1	0	1
NYDH0492	115	19	0	1	3	2	1	4	0	3	3	3	4	2	0	0	0	0
NYDH0492R	854	141	8	6	39	7	6	25	3	16	8	11	17	8	3	2	0	2
NYDH0499	322	15	0	1	5	2	2	8	1	6	5	6	1	2	0	0	0	0
NYDH0502	226	12	0	1	3	1	0	7	0	1	1	3	0	0	0	0	0	0
NYDH0503	15	18	0	0	2	0	3	0	0	0	2	0	0	0	3	1	0	0
NYDH0513	13	4	0	0	0	0	3	1	0	0	0	0	1	0	0	2	0	0
NYDH0515	254	101	0	0	3	3	2	8	1	6	4	8	10	5	7	2	0	4
NYDH0516	9	17	0	1	1	1	1	0	2	0	0	0	1	1	0	0	0	1
NYDH0522	28	20	0	0	3	2	2	1	0	1	0	0	1	0	2	1	1	0
NYDH0522R	75	48	5	2	18	3	4	1	1	0	2	0	0	1	0	2	1	0
NYDH0527	12	6	5	0	1	2	2	0	1	3	0	0	0	0	0	0	0	0
NYDH0527R	22	4	0	0	6	1	1	1	2	2	0	1	1	0	0	0	1	0
NYDH0532	30	9	6	1	4	0	3	0	43	2	0	0	0	0	1	0	0	0
NYDH0534	72	8	9	2	1	1	1	3	1	2	2	0	1	0	2	0	0	0
NYDH0535	87	110	7	5	5	2	4	2	0	0	5	0	5	5	0	1	1	1
NYDH0538	94	9	8	1	8	1	1	1	3	1	1	2	2	2	1	1	3	0
NYDH0539	94	49	4	3	7	7	2	4	0	3	2	0	4	4	0	1	0	2
NYDH0542	9	2	4	0	0	0	0	0	0	1	1	1	0	0	0	0	0	0
NYDH0545	38	43	5	261	1	1	6	0	2	5	3	0	4	0	0	1	0	0
NYDH0545R	4	0	0	1	0	0	0	0	0	1	0	0	0	1	0	0	0	0
NYDH0546	157	88	9	3	1	3	9	5	5	5	9	3	11	9	0	2	2	0
NYDH0550	354	19	157	2	39	2	6	7	0	3	8	3	1	1	3	0	7	0
NYDH0551	46	8	0	0	2	0	0	0	0	1	0	2	0	0	0	0	0	0
NYDH0558	60	39	2	0	2	2	1	0	3	1	3	0	4	2	6	0	2	1
NYDH0577	10	3	1	0	0	1	0	0	1	1	1	0	1	0	0	0	0	0
NYDH0595	117	37	39	0	8	4	2	2	0	4	4	1	2	0	3	0	2	2
NYDH0598	2	2	0	1	0	0	0	0	0	0	0	1	0	0	0	0	0	0
NYDH0606	109	77	1	2	3	1	4	3	1	2	1	1	5	6	0	2	0	1
NYDH0614	12	8	1	1	1	1	3	1	0	0	0	0	0	1	0	1	0	0
NYDH0621	10	3	0	0	1	2	2	0	7	1	0	0	0	0	0	0	0	0
NYDH0624	38	23	3	1	2	2	1	0	0	0	3	2	11	1	0	0	1	0
NYDH0626	15	7	0	0	8	13	0	0	1	0	0	0	0	0	0	0	0	0
NYDH0627	3	1	0	0	0	0	0	0	0	0	0	0	0	0	0	0	0	0
NYDH0632	82	23	0	0	1	33	2	1	1	0	1	2	0	2	1	1	0	1
NYDH0635	15	15	2	0	6	1	15	1	0	1	2	0	1	1	0	0	1	0
NYDH0638	1046	56	4	10	28	21	3	51	2	16	10	23	12	8	9	3	7	1
NYDH0643	145	16	42	1	13	9	8	4	0	4	1	1	0	0	3	2	3	2
NYDH0648	19	9	1	1	0	0	1	0	0	0	1	0	0	0	2	0	0	0
NYDH0653	404	40	7	6	5	3	7	11	2	8	6	11	4	3	1	1	0	1
NYDH0654	25	25	0	3	4	1	0	2	1	0	1	1	0	2	0	2	0	0
NYDH0655	7	1	0	0	0	0	0	1	0	0	0	0	0	0	0	0	0	0
NYDH0657	17	5	0	0	0	0	3	0	0	1	0	0	0	0	1	0	0	0
NYDH0661	32	16	0	1	1	2	2	3	0	1	0	0	1	2	0	1	0	0
NYDH0661R	210	61	1	1	5	6	3	10	0	5	4	1	0	2	2	4	0	1
NYDH0673	12	22	0	1	0	1	2	0	0	0	0	0	3	0	0	0	0	0
NYDH0674	16	4	0	1	1	0	0	0	0	0	0	0	0	0	0	0	0	0
NYDH0681	11	6	2	2	2	1	0	0	1	0	0	0	0	0	0	0	0	0
NYDH0690	156	7	0	0	0	0	0	8	0	1	1	6	0	0	0	0	2	0
NYDH0692	59	33	1	0	0	1	0	1	0	0	0	2	0	1	1	0	3	0
NYDH0696	217	147	2	3	6	0	1	11	0	3	5	4	16	16	1	3	1	3
NYDH0699	184	78	1	0	18	1	0	4	1	2	3	5	10	5	0	0	0	0
NYDH0703	12	4	1	1	1	1	1	0	0	0	0	0	0	0	0	0	0	0
NYDH0712	9	4	0	1	1	2	2	0	0	0	0	0	0	0	1	0	0	0
NYDH0714	76	125	6	0	2	0	3	0	1	2	5	2	3	7	1	2	0	3
NYDH0715	201	44	30	0	5	1	1	5	0	3	4	3	7	6	2	4	0	1
NYDH0717	6	4	0	0	1	1	1	0	1	0	0	0	0	0	0	0	0	0
NYDH0720	15	4	0	1	0	0	0	1	0	0	0	0	0	0	0	1	0	0
NYDH0722	153	19	2	3	3	9	1	5	1	9	2	1	0	0	0	2	0	2
NYDH0730	22	99	4	1	1	69	5	0	2	0	0	0	0	1	0	3	0	3
NYDH0736	12	1	1	0	4	3	0	3	1	0	1	0	0	0	3	0	0	0
NYDH0742	32	8	2	1	0	1	0	2	0	1	0	0	0	0	0	0	0	0
NYDH0749	471	40	8	2	1	5	5	4	2	12	6	12	9	5	1	1	0	0
NYDH0752	9	2	4	2	0	1	0	1	2	1	1	0	0	0	0	0	3	0
NYDH0753	78	3	2	1	16	8	10	7	0	1	1	2	0	0	0	0	0	0
NYDH0759	8	4	3	2	1	1	0	0	0	0	1	0	0	0	0	0	0	0
NYDH0760	125	13	15	3	1	1	2	3	4	4	1	2	0	0	0	0	2	0
NYDH0762	47	27	2	1	3	1	1	2	0	0	3	1	0	1	1	0	1	0
NYDH0764	245	25	130	3	4	1	3	13	10	1	7	5	0	1	2	0	0	1
NYDH0773	18	7	1	0	0	3	9	0	62	0	1	0	0	1	0	0	0	0
NYDH0776	66	9	0	0	2	1	1	2	0	1	4	6	2	2	0	0	0	0
NYDH0777	130	33	32	2	6	2	4	6	18	4	3	2	1	3	0	0	0	2
NYDH0778	24	6	2	2	1	2	2	1	0	0	2	0	0	2	0	0	0	0
NYDH0786	42	129	0	1	6	1	1	1	0	1	1	1	6	3	0	2	1	2
NYDH0788	103	18	4	6	2	15	3	6	0	4	6	2	1	1	0	0	0	1
NYDH0793	20	1	0	46	1	5	0	0	0	0	0	2	0	0	0	0	0	0
NYDH0795	98	26	1	1	3	1	1	7	0	3	1	1	0	0	0	2	0	1
NYDH0798	381	15	6	0	5	0	3	17	1	5	5	8	0	1	1	0	1	0
NYDH0800	15	9	0	2	0	0	0	0	0	0	1	0	0	0	0	0	0	0
NYDH0804	3	1	1	2	0	0	4	0	5	0	0	0	0	0	0	0	0	0
NYDH0805	14	3	1	1	1	1	3	0	1	0	0	0	0	0	0	0	0	0
NYDH0824	62	19	0	3	5	1	0	3	0	1	3	1	1	1	2	1	0	0
NYDH0825	13	9	2	3	0	0	1	0	0	2	1	0	0	0	0	0	1	0
NYDH0833	18	16	3	2	0	0	1	1	0	0	1	0	0	1	0	0	1	1
NYDH0834	2	1	0	1	0	1	2	1	0	0	0	0	0	0	0	0	0	0
NYDH0847	15	1	0	1	0	0	2	1	1	0	0	2	0	1	1	0	0	0
NYDH0854	16	12	1	3	0	0	1	4	0	1	2	1	0	0	0	0	0	2
NYDH0860	26	7	1	1	9	0	1	0	1	0	0	0	1	1	1	0	9	0
NYDH0867	14	32	0	2	8	0	0	1	0	1	0	0	0	1	0	1	0	0
NYDH0873	9	4	0	0	0	0	0	0	0	1	0	0	0	0	0	0	0	0
NYDH0880	137	16	5	1	3	6	0	4	0	1	2	4	0	0	4	0	3	0
NYDH0882	14	1	0	1	3	0	3	0	1	1	0	0	0	0	1	1	4	0
NYDH0885	2	2	0	0	2	0	7	0	0	0	0	0	0	1	1	0	0	0
NYDH0893	6	4	0	0	1	3	0	0	1	0	0	0	0	1	0	0	0	0
NYDH0893R	43	5	6	1	3	3	2	1	0	1	0	0	0	0	0	0	2	0
NYDH0896	608	18	3	2	3	3	2	10	15	5	9	13	5	1	3	1	0	0
NYDH0911	44	6	6	3	1	0	1	1	0	2	1	1	0	1	0	0	0	0
NYDH0916	17	51	1	1	2	0	3	1	0	3	1	0	1	1	0	3	0	1
NYDH0926	31	23	1	207	5	0	2	0	1	4	4	0	4	0	1	1	0	0
NYDH0928	164	26	1	3	35	3	3	10	0	1	1	5	0	2	0	0	1	2
NYDH0931	22	8	0	4	0	0	2	0	0	0	0	0	0	0	0	1	1	0
NYDH0931R	49	6	0	0	2	0	0	1	0	5	1	0	0	0	1	0	2	0
NYDH0940	8	18	1	45	0	7	3	1	1	0	1	0	1	0	0	1	0	1
NYDH0941	13	3	0	0	2	3	2	1	0	0	1	1	0	0	0	0	0	0
NYDH0942	18	2	0	2	6	2	4	0	0	0	0	1	0	2	3	0	0	0
NYDH0943	130	19	1	1	5	0	2	4	5	5	3	3	0	0	0	0	0	0
NYDH0946	20	26	0	1	1	0	1	0	0	0	1	1	0	2	1	3	0	2
NYDH0955	77	109	4	0	7	0	3	1	0	1	1	2	8	7	0	5	0	2
NYDH0957	172	22	5	0	0	0	3	7	0	1	2	1	3	0	0	0	0	0
NYDH0962	39	63	6	0	0	6	1	0	2	1	2	1	2	1	0	3	0	2
NYDH0963	9	37	0	4	1	0	1	1	2	3	1	0	6	0	0	1	0	1
NYDH0969	85	23	1	1	0	1	1	3	0	2	1	2	4	3	0	0	3	1
NYDH0971	9	4	0	0	0	0	0	0	0	0	0	0	0	0	0	0	0	0
NYDH0972c	623	104	2	0	53	6	15	13	2	14	7	14	8	7	13	2	0	2
NYDH0979	16	4	0	3	2	0	0	1	1	0	1	1	1	0	0	0	0	0
NYDH0986	2	5	0	0	0	2	0	0	0	0	0	0	0	0	0	0	0	0
NYDH0998	65	8	5	3	3	2	2	0	1	1	4	1	0	0	0	0	1	0
NYDH1002	28	3	0	0	3	1	3	1	0	0	2	1	0	0	0	0	3	1
NYDH1008	15	9	1	1	1	0	0	0	0	0	0	0	0	1	0	0	0	0
NYDH1036	66	15	2	1	2	5	1	1	0	0	1	1	1	0	1	1	1	0
NYDH1038	95	87	2	1	9	1	1	2	1	0	4	2	0	4	0	4	1	2
NYDH1044	56	105	1	1	1	1	2	0	0	2	1	0	1	3	4	0	2	4
NYDH1046	12	6	2	0	1	0	4	0	0	0	1	0	1	0	0	0	0	0
NYDH1047	32	126	7	0	3	1	3	3	0	0	2	1	3	3	1	5	0	2
NYDH1052	28	8	3	1	0	3	2	0	62	0	0	0	0	1	0	0	1	0
NYDH1059	9	10	3	1	1	2	1	0	0	0	1	0	0	0	0	1	2	0
NYDH1068	3	3	0	0	0	0	0	0	0	0	0	0	0	0	0	1	1	1
NYDH1078	6	5	0	0	0	0	0	0	0	1	0	0	0	0	0	0	0	1
NYDH1084	37	126	2	1	1	0	0	1	2	1	5	1	1	0	1	2	0	0
NYDH1085	308	25	18	3	3	4	5	7	2	1	3	6	1	1	11	0	1	0
NYDH1104	40	23	33	2	3	0	1	1	3	3	0	0	0	0	1	0	0	1
NYDH1107	39	19	306	4	7	0	2	3	0	0	2	0	1	0	0	1	1	0
NYDH1109	5	3	0	0	0	0	5	0	0	0	0	0	0	0	0	0	0	0
NYDH1115	81	44	0	1	0	0	0	1	1	3	3	0	2	1	0	1	0	0
NYDH1120	9	9	2	0	3	0	2	0	1	0	0	0	0	0	0	0	0	0
NYDH1121	9	0	1	1	7	2	0	1	0	0	0	0	0	0	0	0	0	0
NYDH1123	8	4	0	0	2	0	3	1	22	0	0	0	0	0	2	0	1	0
NYDH1124	31	9	5	3	0	3	10	7	1	0	0	0	1	0	0	1	0	0
NYDH1131	12	6	0	0	0	1	0	0	2	1	2	0	0	0	0	0	0	0
NYDH1132	81	16	0	0	1	0	1	4	0	0	2	1	1	2	2	0	1	2
NYDH1136	30	70	8	0	2	0	1	0	1	0	2	0	5	2	1	3	0	2
NYDH1138	317	159	0	2	10	4	13	17	2	2	2	4	25	19	5	3	0	3
NYDH1145	96	6	1	0	1	1	1	2	10	0	0	0	0	1	0	0	0	0
NYDH1161	52	5	0	0	2	0	2	0	4	1	0	0	0	0	0	0	0	0
NYDH1165	42	19	3	1	1	0	1	0	1	1	3	1	0	1	0	0	2	0
NYDH1186	32	8	0	2	1	6	5	0	1	1	0	0	0	0	0	1	2	2
NYDH1195	7	12	0	0	1	0	0	0	2	0	0	0	1	0	1	2	0	0
NYDH1200	472	15	12	79	1	3	0	18	7	5	9	11	2	2	2	1	0	0
NYDH1203	6	3	0	1	0	0	0	0	1	0	1	0	0	0	0	0	0	0
NYDH1207	108	16	1	1	4	0	0	2	0	2	1	2	0	1	1	0	0	0
NYDH1208	24	5	5	0	4	0	3	0	0	1	0	0	0	0	1	0	0	0
NYDH1210	93	29	0	1	2	1	2	1	1	4	4	0	1	1	0	0	0	0
NYDH1218	27	6	41	1	3	1	3	2	0	0	0	2	1	0	0	0	0	0
NYDH1222	9	3	3	0	7	0	1	0	0	1	0	0	0	0	0	0	2	0
NYDH1224	10	5	0	0	0	0	0	0	0	1	1	1	0	0	1	0	0	0
NYDH1225	28	5	0	2	0	9	1	0	6	0	0	0	0	0	1	1	2	0
NYDH1227	77	65	0	0	12	1	2	5	2	4	1	2	2	3	0	3	2	4
NYDH1228	19	6	0	0	4	0	0	2	0	0	0	0	0	0	0	0	0	0
NYDH1231	18	7	0	0	5	0	0	2	0	2	0	0	1	0	0	0	1	0
NYDH1237	437	42	2	1	3	1	1	11	1	9	2	9	5	5	0	0	0	1
NYDH1238	13	5	4	4	1	0	0	1	1	0	0	0	0	0	0	0	0	0
NYDH1244	46	79	29	2	10	3	2	0	1	1	3	1	1	0	0	1	2	2
NYDH1258	50	64	0	0	3	1	1	2	1	0	1	1	3	4	0	0	0	0
NYDH1259	64	14	4	1	5	9	2	0	0	1	0	1	0	1	1	0	0	0
NYDH1271	11	2	2	1	0	0	0	1	0	0	1	0	0	0	0	1	0	0
NYDH1274	11	8	0	0	1	1	4	1	1	0	0	0	1	0	0	1	0	0
NYDH1279	103	18	0	3	3	0	1	3	1	1	1	1	1	0	0	1	0	1
NYDH1285	105	69	3	1	13	7	0	1	0	4	5	1	8	2	0	2	0	2
NYDH1290	17	2	0	2	1	0	8	1	0	1	0	0	0	1	0	0	0	0
NYDH1291	19	67	1	0	2	5	1	4	1	0	2	0	0	2	1	5	0	0
NYDH1292	19	6	0	1	1	13	3	3	0	0	0	0	0	0	0	0	0	0
NYDH1293	8	4	0	0	0	1	7	0	11	0	0	0	0	0	0	0	0	0
NYDH1297	10	7	0	0	1	6	3	2	0	0	0	0	2	0	2	1	1	0
NYDH1301	57	6	4	0	1	0	12	2	2	0	1	1	0	0	0	0	0	0
NYDH1304	11	4	2	0	2	21	3	0	0	0	0	0	0	1	1	0	1	0
NYDH1306	75	48	13	0	2	2	2	1	1	3	1	2	2	1	2	4	1	0
NYDH1309	14	18	1	0	3	2	6	0	9	0	1	0	1	0	1	0	0	0
NYDH1311	36	18	0	3	7	10	19	0	1	0	2	0	1	0	3	0	0	0
NYDH1320	18	3	5	1	0	1	0	0	2	0	1	0	0	0	0	0	0	0
NYDH1331	28	40	2	1	2	2	3	0	0	1	3	0	0	2	0	2	0	0
NYDH1332	250	80	4	4	15	2	3	10	0	4	3	3	9	6	10	8	3	0
NYDH1333	13	4	3	0	1	1	0	0	0	2	2	0	0	0	0	0	0	0
NYDH1336	11	7	8	0	19	0	10	2	0	1	0	0	0	0	1	0	4	0
NYDH1338	29	15	3	1	0	0	2	0	1	0	0	0	0	0	0	0	1	0
NYDH1341	8	5	0	1	1	0	1	0	0	0	0	0	0	0	1	1	0	0
NYDH1342	12	3	1	0	0	0	0	1	1	1	1	0	0	0	1	1	0	0
NYDH1343	43	5	0	0	1	1	0	2	0	1	0	1	0	0	0	0	0	0
NYDH1350	20	7	1	2	1	0	3	0	2	0	1	0	0	1	1	0	0	0
NYDH1353	6	5	0	0	1	0	2	2	0	0	1	0	2	0	0	0	0	0
NYDH1353R	27	6	2	1	1	3	0	0	0	1	0	0	0	0	0	0	0	0
NYDH1359	11	4	0	1	0	0	2	0	1	1	0	1	0	0	0	0	0	0
NYDH1366	54	26	1	2	7	2	10	3	1	2	0	1	1	1	1	2	1	1
NYDH1378	22	3	1	0	0	0	0	0	0	0	0	0	0	0	0	0	0	0
NYDH1381	28	2	1	1	2	0	3	0	0	1	1	0	0	1	1	1	0	0
NYDH1383	6	3	0	3	1	0	1	0	0	0	1	0	1	0	0	0	1	0
NYDH1396	15	5	3	2	1	0	3	0	0	0	0	0	1	0	1	0	0	0
NYDH1412	28	3	0	2	0	1	0	0	8	1	0	1	0	0	0	0	0	0
NYDH1413	206	173	135	3	148	12	76	3	0	2	5	3	1	6	8	5	1	2
NYDH1415	118	39	1	4	1	7	2	1	0	3	3	3	3	0	0	1	0	1
NYDH1420	178	17	12	3	2	1	6	5	1	7	3	2	4	1	0	0	4	0
NYDH1428	120	12	2	0	0	2	7	7	1	2	3	4	0	1	0	1	0	0
NYDH1438	35	38	3	1	4	4	1	2	2	0	3	1	0	2	0	2	0	1
NYDH1440	86	6	1	3	3	0	2	5	0	2	1	1	0	1	0	1	2	0
NYDH1442	22	14	0	2	3	3	1	1	3	2	0	0	0	0	0	0	2	0
NYDH1460	13	4	0	1	0	0	0	0	0	0	0	0	0	0	0	0	0	0
NYDH1460R	36	6	0	2	3	1	3	0	0	0	1	0	0	0	1	0	0	0
NYDH1470	66	36	1	1	9	0	3	3	1	2	1	1	1	0	3	0	0	1
NYDH1473	71	26	3	1	3	2	2	0	0	2	1	3	2	2	1	0	0	0
NYDH1500	298	19	5	6	2	0	1	10	6	5	5	9	5	1	0	1	0	0
NYDH1510	127	11	9	1	18	8	11	6	1	8	4	2	1	1	3	2	0	0
NYDH1512	123	28	6	3	9	6	8	9	3	4	3	1	0	1	1	2	0	1
NYDH1513	9	16	1	0	7	0	1	0	0	1	0	0	1	0	1	0	0	0
NYDH1516	3	1	4	2	2	1	1	0	3	1	0	0	0	0	0	0	0	0
